
$orca_opt_file

$trust
    0.300000000000

$epredict
    0.000000000000

$ediffsc
  1000.000000000000

$ctyp
  3

$coordinates
 5 12
   1.49921423   0.27707165  -0.27147806   3.07632297  -0.64917762  -1.00760197
   1.48058153   2.12032941  -0.97088460   1.68839471   0.36008731   1.68924509

   1.47945090   0.26556688  -0.27754765   3.04212189  -0.59376136  -0.96825896
   1.51185299   2.06203822  -0.93260902   1.71108766   0.37446702   1.61769608

   1.46766424   0.25892776  -0.28102048   3.04721568  -0.59297707  -0.96813725
   1.51506012   2.06614344  -0.93271291   1.71457341   0.37621662   1.62115110

   1.45088120   0.24947393  -0.28596561   3.04929502  -0.58530773  -0.96322392
   1.52276058   2.06408003  -0.92822970   1.72157663   0.38006451   1.61669969

   1.44819870   0.24792696  -0.28677970   3.04898950  -0.58327832  -0.96185718
   1.52438232   2.06275700  -0.92687116   1.72294292   0.38090512   1.61478850


# redundant internal coordinates
#  nbonds nangles ndihedrals nimpropers ncartesians
# bond  definitions A B
# angle definitions A B C
# dihedral definitions A B C D
# improper torsion definitions A B C D
# cartesian definitions A x/y/z
$redundant_internals
 3 3 0 1 0
   1   0   0
   2   0   0
   3   0   0
   1   0   3   0   0
   2   0   3   0   0
   1   0   2   0   0
   1   3   2   0   0
$energies
 5
 -56.3328945509540446
 -56.3351683428374272
 -56.3353079734158158
 -56.3353664840995947
 -56.3353684856702728

$gradients
 5 12
  -0.0083389707025598  -0.0047747770363749  -0.0025076377517579   0.0153089341803567
  -0.0142776017751101  -0.0106440737486488  -0.0047939714307348   0.0206149689793094
  -0.0101820257664964  -0.0021759920465935  -0.0015625901677850   0.0233337372668387

   0.0078976729752922   0.0044686739207698   0.0023403133657577  -0.0046485607990485
   0.0010410371471070   0.0010518283536822  -0.0014114025064471  -0.0045595670671439
   0.0010312197991759  -0.0018377096695948  -0.0009501440006430  -0.0044233615187075

   0.0034640338147014   0.0019466919433624   0.0010176806808222  -0.0013167642051615
  -0.0004593139075961  -0.0002011670786839  -0.0010565196354593  -0.0008882822353957
  -0.0001897718982012  -0.0010907499737191  -0.0005990958003994  -0.0006267417039365

   0.0000811627119157   0.0000610203966251   0.0000340057409731   0.0002263463561429
  -0.0003346565762516  -0.0002391063426825  -0.0001809387400760   0.0003669863317026
  -0.0002452784797313  -0.0001265703277348  -0.0000933501520927   0.0004503790814452

  -0.0000862196544302  -0.0000349548101393  -0.0000164291358067   0.0000806638768109
  -0.0000475593376790  -0.0000377505192832  -0.0000029361919717   0.0000895725293777
  -0.0000459218313131   0.0000084919699152  -0.0000070583814615   0.0001001014863062


$redundant_coords
 5 7
   1.9715699580541715   1.9715770046445560   1.9715770608845922   1.8905572629767167
   1.8905501292280640   1.8905523540269848  -1.0040954509130686
   1.9124507124040060   1.9124498824687375   1.9124496434747982   1.8593171593176838
   1.8586568975631059   1.8593146276607579  -1.0752500990497318
   1.9216800043099704   1.9217122316942923   1.9217121385685161   1.8497734117220652
   1.8494967785117937   1.8497721474713493  -1.0957256646064626
   1.9262569793606505   1.9262567611143500   1.9262567785272631   1.8338760638816554
   1.8340599016926031   1.8338763548765000  -1.1289643083997540
   1.9259187467196630   1.9259099405475324   1.9259099666307524   1.8310420213238572
   1.8311782230231266   1.8310422922042033  -1.1348137511217231

$redundant_gradients
 5 7
   0.0229278342220736   0.0229305788096965   0.0229306908318774   0.0024408270900527
   0.0063318058741177   0.0024401636870198   0.0074791073185114
  -0.0046460145863970  -0.0046601879729446  -0.0046602533590545   0.0007567197643150
   0.0017599229149102   0.0007563404592180   0.0020146822542692
  -0.0008067836344498  -0.0007970596644332  -0.0007970775200705   0.0005965956294097
   0.0014200449065146   0.0005964021613454   0.0015554806059890
   0.0004169209895694   0.0004207453429105   0.0004207476260607   0.0001110459286880
   0.0003050431624152   0.0001110914608327   0.0002892390682157
   0.0001008049372872   0.0000995526253383   0.0000995603615143   0.0000008028018970
   0.0000280881296375   0.0000008452836930   0.0000099560553048

$hessian_approx
 12 12
                  0          1          2          3          4          5    
      0       0.393701  -0.169020  -0.088522  -0.298540   0.121817   0.092696
      1      -0.169020   0.597002  -0.049847   0.146760  -0.107797   0.012396
      2      -0.088522  -0.049847   0.666215   0.109203   0.014342  -0.142894
      3      -0.298540   0.146760   0.109203   0.274792  -0.150818  -0.112718
      4       0.121817  -0.107797   0.014342  -0.150818   0.140207   0.032135
      5       0.092696   0.012396  -0.142894  -0.112718   0.032135   0.139522
      6      -0.038004  -0.028741   0.065396   0.006319   0.045078  -0.035314
      7      -0.002347  -0.374219   0.082491   0.020238  -0.030802  -0.007694
      8       0.054152   0.070438  -0.141624  -0.022468  -0.029088   0.021842
      9      -0.057158   0.051001  -0.086075   0.017430  -0.016077   0.055336
     10       0.049552  -0.114987  -0.046985  -0.016182  -0.001609  -0.036837
     11      -0.058324  -0.032987  -0.381695   0.025983  -0.017389  -0.018468
                  6          7          8          9         10         11    
      0      -0.038004  -0.002347   0.054152  -0.057158   0.049552  -0.058324
      1      -0.028741  -0.374219   0.070438   0.051001  -0.114987  -0.032987
      2       0.065396   0.082491  -0.141624  -0.086075  -0.046985  -0.381695
      3       0.006319   0.020238  -0.022468   0.017430  -0.016182   0.025983
      4       0.045078  -0.030802  -0.029088  -0.016077  -0.001609  -0.017389
      5      -0.035314  -0.007694   0.021842   0.055336  -0.036837  -0.018468
      6       0.042494  -0.017297  -0.028071  -0.010809   0.000961  -0.002012
      7      -0.017297   0.378098  -0.107879  -0.000594   0.026921   0.033082
      8      -0.028071  -0.107879   0.134977  -0.003613   0.066530  -0.015195
      9      -0.010809  -0.000594  -0.003613   0.050535  -0.034330   0.034352
     10       0.000961   0.026921   0.066530  -0.034330   0.089677   0.017294
     11      -0.002012   0.033082  -0.015195   0.034352   0.017294   0.415357

$bmatrix
 7 12
                  0          1          2          3          4          5    
      0      -0.831183   0.431589   0.350522   0.831183  -0.431589  -0.350522
      1      -0.039557  -0.942323   0.332358   0.000000   0.000000   0.000000
      2      -0.142657  -0.069047  -0.987361   0.000000   0.000000   0.000000
      3       0.657918  -0.244931   0.430241  -0.191576   0.022572  -0.482070
      4       0.123120   0.683371   0.442578   0.000000   0.000000   0.000000
      5       0.588265   0.345047  -0.461348  -0.136178  -0.446662   0.227049
      6       1.127460   0.294730   0.106947  -0.286713  -0.370986  -0.223088
                  6          7          8          9         10         11    
      0       0.000000   0.000000   0.000000   0.000000   0.000000   0.000000
      1       0.039557   0.942323  -0.332358   0.000000   0.000000   0.000000
      2       0.000000   0.000000   0.000000   0.142657   0.069047   0.987361
      3       0.000000   0.000000   0.000000  -0.466343   0.222358   0.051829
      4      -0.082129  -0.167463  -0.484578  -0.040991  -0.515908   0.042000
      5      -0.452088   0.101615   0.234299   0.000000   0.000000   0.000000
      6      -0.420374   0.038128   0.058071  -0.420373   0.038128   0.058070

